baseline: 0.1
calibration_time: 2016-11-29-20-11-23
gain: 1.399999976158142
k: 27.0
limit: 1.0
radius: 0.0318
trim: 0.019999999552965164
