camera_matrix:
  cols: 3
  data: [312.79509880050176, 0.0, 329.8459655128325, 0.0, 311.17279884788536, 231.79212578852412,
    0.0, 0.0, 1.0]
  rows: 3
camera_name: raytech/camera_node
distortion_coefficients:
  cols: 5
  data: [-0.24925563682131047, 0.04137334478604529, -0.0012614153076936229, -0.0025984685095934673,
    0.0]
  rows: 1
distortion_model: plumb_bob
image_height: 480
image_width: 640
projection_matrix:
  cols: 4
  data: [210.78787231445312, 0.0, 322.48651732242797, 0.0, 0.0, 250.0553741455078,
    224.480942368632, 0.0, 0.0, 0.0, 1.0, 0.0]
  rows: 3
rectification_matrix:
  cols: 3
  data: [1.0, 0.0, 0.0, 0.0, 1.0, 0.0, 0.0, 0.0, 1.0]
  rows: 3
